[gd_scene load_steps=6 format=2]

[ext_resource path="res://intro_scene/scene2/3d_intro_viewport_live_color.tscn" type="PackedScene" id=1]
[ext_resource path="res://intro_scene/scene2/3d_intro_viewport_color_pc.tscn" type="PackedScene" id=2]
[ext_resource path="res://intro_scene/scene2/3d_intro_viewport_bw.tscn" type="PackedScene" id=3]
[ext_resource path="res://intro_scene/scene2/3d_intro_viewport_tiled.tscn" type="PackedScene" id=4]
[ext_resource path="res://intro_scene/scene2/3d_intro_viewport_photogrammetry.tscn" type="PackedScene" id=5]

[node name="video_viewports" type="Spatial"]
transform = Transform( 1.52008, 0, 0, 0, 1.52008, 0, 0, 0, 1.52008, 0, 0.557028, 0 )

[node name="3d_intro_viewport2" parent="." instance=ExtResource( 1 )]
transform = Transform( 0.564247, 0, -0.825606, 0, 1, 0, 0.825606, 0, 0.564247, 0, 0, 0 )

[node name="3d_intro_viewport3" parent="." instance=ExtResource( 4 )]
transform = Transform( -0.980323, 0, -0.197401, 0, 1, 0, 0.197401, 0, -0.980323, 0, 0, 0 )

[node name="3d_intro_viewport" parent="." instance=ExtResource( 5 )]
transform = Transform( -0.375238, 0, -0.926929, 0, 1, 0, 0.926929, 0, -0.375238, 0, 0, 0 )

[node name="3d_intro_viewport_color_pc" parent="." instance=ExtResource( 2 )]

[node name="3d_intro_viewport_bw" parent="." instance=ExtResource( 3 )]
transform = Transform( 0.561304, 0, 0.82761, 0, 1, 0, -0.82761, 0, 0.561304, 0, 0, 0 )
